38c58fd0620591a53a0881edcbc709d59b7f576a.jpg 37,151,222,336
e29febe0f6ec513e583e7129cbd8ca4038a04788.jpg 52,34,161,143
a7bcb53d64b175b5113393f934623611c2b46204.jpg 108,105,513,510
017e823e8d1362032ea0e02e8341faa92cf05007.jpg 77,196,585,704
b43adde1b5e546d34a72b2ab1f255cabd501acf2.jpg 73,49,236,212
bd75227c7cf239db99f91db713e823a40fd9901a.jpg 277,77,399,199
5d0e8dc3e278fb90e77b9c2ff4f4e649c479acd5.jpg 194,47,332,185
e946dbcbe1f8c5b55ce132f853b22f6608574ee2.jpg 77,55,279,257
58dd572440ab3e7315c640d261712185030cc745.jpg 104,91,343,330
35164bf7a005f9a56c614f587f7a2282116c02f4.jpg 90,181,588,679
c4d5b19e4f02fbc062ef288b4bf918c03716fe4e.jpg 183,109,424,350
e5901ac594b641cfd4d639331f659e43694bac33.jpg 120,70,381,331
45dde1297df93403e67ac9010aefa9f160d34541.jpg 113,33,258,178
c8ec3c721840dd98cad0b2054dcc032197dfd8ee.jpg 57,53,179,175
1dca6656113472b5f77a397ffccc62f2f2591836.jpg 78,35,199,156
d2167d58cd89d2fba2f66f03bf811487bb3d3fb6.jpg 174,112,367,305
6958028326e3261ee9465154495bef70b45a8f94.jpg 201,29,396,224
04adfef009f13bee9edc1868899da880d4c3c396.jpg 83,133,386,436
fb8e1b49c40322211c57d7f2d71de1ab28fde5d4.jpg 204,105,388,289
7f6acee4389be27393127a21065780239167c184.jpg 233,65,383,215
925f2124537c07a518dacd2a0d829a389d193f2b.jpg 42,15,145,118
b97a4fbe658ceaeb6f06f6d76a48a87333f00894.jpg 72,42,238,208
4919811e47e673cb32a7c88e13c81f4bed270c16.jpg 215,60,338,183
25277a079b60ae33688c2a4319022985849782b6.jpg 90,51,211,172
bd907220e4933bce54e7ed580068581519374821.jpg 74,86,193,205
5c6354f872fc424eee211a273ac4afd90c8e6400.jpg 39,27,236,224
a5ffabf0df87a5be10d2bd1aef78d8b341486883.jpg 111,46,224,159
598645a49c748108f2d1b9fec955a474180dc5bd.jpg 164,70,267,173
d5def01dff228f63eb410f0eff6dd0361670d5c0.jpg 150,76,258,184
c0074182af2ec57e185160d2498513b1eeeae4ba.jpg 210,39,321,150
62007ba055a7a2c3de290970468274e4eb223e68.jpg 25,56,176,207
39e67905738d4cc6d3e5f9d0ba41f73805c64220.jpg 196,49,330,183
