0cf0de48073793615760d05ca5f63d0d0673442c.jpg 280,529,1085,1334
659a62bb17a72a8fa887c887a3d90cf7ff542457.jpg 91,34,231,174
fd065035cf03b645c0e167bd6a650841c4248430.jpg 98,124,285,311
05222e3cc3f8c49f3e0a36fc5faf89744f8cea94.jpg 116,69,251,204
3b5c4b9f194eb4aad68e45dc90d51bcc16bd31e1.jpg 59,71,248,260
eebdf18899fcbf80f1830ee7fbd3e5e40639332d.jpg 156,118,461,423
65ce9ffedacafaecf8e2568d43d6ae85f6f69f96.jpg 48,103,249,304
c3eef0f1e4259d3518c54933d93b5708c188fc22.jpg 171,93,378,300
decc90fe8a7ee1be8a40eaef5f8d204a3e2a81dc.jpg 44,73,185,214
08eb5eaddcb510ac6633d610430408410b70a9f7.jpg 17,95,199,277
df3e60b2636e1ac0d4acdfdae177190e1fff16ea.jpg 136,87,239,190
3acae7b7b08c53bcbd37a4cb4c888a3699122345.jpg 175,127,359,311
3fdf7596c6a6eaaa7dbd647e349319d84e1c3ee5.jpg 20,48,147,175
077df3022316562f73c3c0e0ba84205a4f0d81c8.jpg 80,103,254,277
bb0dde4ca036a177389636b5833fd7b3e3fa2db0.jpg 111,76,281,246
8f25f4ccd0c66af4effca695501c453b072310f0.jpg 202,15,347,160
5a468ff12f3ffeca293b774c470d761a548ce965.jpg 152,128,316,292
fca95757868523cdecef644cd92fd3003aeec8bf.jpg 35,71,172,208
74ac786abb690395a3cb324370e37d2a840dd1fe.jpg 100,188,450,538
598cec3584f2aa21f0f5d6ac9652b5b14a9b9115.jpg 67,77,227,237
f665036913eea092a72f304adb9b3f6055ff8b6e.jpg 35,36,143,144
7f93017ea6f49c600ee23c340c66163e0016d001.jpg 16,32,119,135
916a36f5b05aab4a0355b5bfff6f86ae42ee0c52.jpg 87,110,255,278
4f9f95af7da6a4df14cc8c7155185c06120ef1ab.jpg 105,123,369,387
743a7c332b764e46520d6ed4bbe289fa606019b1.jpg 33,50,213,230
