92b4b09c81a6bbb3e5a80957d9cfb2763859c014.jpg 198,39,455,296
334ebaac87afec7feb8660b8b56cf086c58f4efc.jpg 156,54,338,236
552c8cfcda2a936445edc30fb4a3e149919f7693.jpg 82,187,414,519
c5fc741d3b9461f0d0f4b8436a4f319520f26d2f.jpg 249,100,352,203
271e062f40a557935d3070338e2ded4f8e0afbea.jpg 60,49,222,211
4013cc7b4041df4187583627106f4767d73109e8.jpg 62,172,479,589
2bc6de244b0db23935ca100f70b6034c7703d591.jpg 81,120,508,547
d948de1ea2d1f78bc17143dce3cfb570b328bbe5.jpg 394,83,648,337
4cf513760c5cdb328f6a0adc297a40442c0204a4.jpg 67,63,170,166
88f6125324ce59bfd3bf0ae4872cac42ae75b405.jpg 25,126,215,316
bb3540416001315e5615e3147fc8ea5db29a1db9.jpg 65,143,314,392
d9c4cd8126aad6895d5234ed3baba7fdf9d2f354.jpg 310,73,424,187
8907dc9f5c18731e999ca1b9cfc3eca971ec809e.jpg 51,61,161,171
544db0b18a7bf5ceaa731f5070e99fe708acfffa.jpg 163,210,432,479
dae96b9ace867e44b7875b5adabfbe0aa7163a92.jpg 82,58,206,182
12cfdf530c4d20b6fd127805d94d92c332c388a2.jpg 25,126,215,316
67b468422c34b043e0beffad5154c131ad7750e5.jpg 36,53,149,166
a7cc08d0cebab5954c38ff875cfa77d3a3a77968.jpg 44,44,147,147
c05c0e5d25792786dce057325161413f7e6747ee.jpg 61,86,188,213
0d08b961f713c0676d2e136709452d7f545b5a3a.jpg 73,104,238,269
071e7d446db9abb73404dd9b4bb560025f8296eb.jpg 24,39,225,240
7d4f793cad42e91ecd0fd3b662915e81057b6a40.jpg 223,43,481,301
32883cc15cc067301e9a39ee10a11b2618784ce3.jpg 141,75,268,202
b5cc67dbdfbac52ba8a91d4754b99856b9703dbe.jpg 218,140,722,644
417459c3fb830b21db021bb1e73ba05c2aa36980.jpg 276,70,503,297
