5c1bf67814b9d005d48d08a0564967eec60ed7ba.jpg 96,135,331,370
b255aa756d0c97a55c5a8822ed916b746cc9d93d.jpg 71,47,198,174
c865a183209dae8e0743dd03ed021ca054284566.jpg 209,101,393,285
61c4c73ab2130f6834a2bad5cbb8d52b610bc68b.jpg 156,30,271,145
487950d9d054553f3a18633dcdeff9e0859c17d3.jpg 22,113,217,308
babfb0a7044fa19ef782d44cc3d74da5e1308161.jpg 340,147,698,505
1b6e2376a1e346b5d4841f116f1b12c99b904127.jpg 135,20,294,179
ae07c70dd1a25faa9cb91d4a7074ad70bcd7e3ee.jpg 427,104,612,289
4e1700970f79949a4f9850e6ee2d6ce505acdc79.jpg 121,263,567,709
fa31059f60212d4d5e6d5b08461e410f0634973c.jpg 62,38,165,141
2051c0c07f1420dbf41641cee5d147fe0c9906f5.jpg 172,130,474,432
4cce5c7a46c16601f70e6c920fb08b238722c807.jpg 149,115,365,331
57d7ee46b5041ecca216d68b9d8e30aae152a30c.jpg 17,33,126,142
5aa535dd8836fa36162ecc62c94d9d4858cb65a3.jpg 51,47,218,214
c730e80f95185b61775dd1919705f5b192f6cb40.jpg 61,14,221,174
a50b3276d4c3de9377e7d21ba468ef70414572f3.jpg 124,20,307,203
4b34e71b21d173f31fa1cfc6485c1ae549bc0fd0.jpg 56,40,161,145
f2077c57f3a4f778ea0c4484974cfd756166eec7.jpg 87,58,259,230
0c2061cffd4c638254f9ce9286bb79958e2bf918.jpg 40,62,195,217
150ee225c6fae9a1c85869bcaf5ab0d38e8e9ef4.jpg 528,121,663,256
e0486ffe47640951355fd6d79108797e733395bc.jpg 402,178,780,556
adac3c31fcc41003c210a76d300646cc4d49075c.jpg 523,299,862,638
fc223d70aa0e724e46659edafcdae376e1975644.jpg 254,419,1076,1241
468028c6e72803b6bfcb810de38513f32da06088.jpg 42,20,195,173
bcd74ab5b11b44945454d9ab5073c1997ad885dc.jpg 142,22,252,132
a3674d35ad6276e13839b88cf89c0add712edf82.jpg 35,33,152,150
