98b499224613f8f3f743fe2fcef4ecd3307b17eb.jpg 585,160,923,498
8c2dd5f1cab1a9e8bbee87d1a3578b3f80060ec3.jpg 122,148,359,385
8c499b6f9665df5727a9ea1f0dce14b87cf0c173.jpg 191,177,585,571
99f4b00308ea5b6e2f5f02d9ca1d4babdd9084cf.jpg 261,460,1002,1201
4ef9fcff656079f4630447d3f841e765735f210c.jpg 87,119,267,299
fe4461999dd73138b4a2366959a9037f1f0b5831.jpg 233,173,511,451
fce29202c4a1e0b91b0836a68a38ccc4823af92c.jpg 302,88,523,309
5ddf26cb9a2d08ffb420ee922d0b0e58e7a2cba6.jpg 373,69,513,209
7050aabb56147a696da3ab9669d2f67aa92e077f.jpg 430,189,835,594
8e350bdfbb1fcbcd42e17c5fbc0b691e1a500b20.jpg 143,70,299,226
616a198cb72fbe008536621f3c53e8180fb982af.jpg 85,93,263,271
4c98e6c78bb703d21c0124dc28e34ffcf6d4a1f3.jpg 84,47,334,297
db55f3b563dd24b52da02f3156a8ecdb39928f42.jpg 714,86,1209,581
f498f08bd78b51794a2237129216407eb2571dba.jpg 174,219,529,574
c7b39fd5f6310685a429f44bc63d47299d22a89f.jpg 638,151,1150,663
bdc4c7f7782970a35f1fd9bd458e0e3e8b154395.jpg 244,218,470,444
2f6c0bcb16e40e8546c2734bf6cabbdf8ef545fe.jpg 831,553,1368,1090
f98ba380c721abcb92d992030cc7ca38183903e1.jpg 261,50,433,222
7c68226910ac0fbf692610a2c1fdc7f50cde6f06.jpg 178,64,356,242
f7962a6193d0d4ff9aecb8a1e157ab2b314f8917.jpg 373,48,506,181
d0ff070b062de936b2bf1615d1dc9a13121285df.jpg 263,228,507,472
3766e2635e9876d32483292748d8a1f5f09abcbe.jpg 98,118,268,288
b29f4fe7310414da36c293558440fd9e081cbf11.jpg 204,215,568,579
1538f74647f3a6e8310780418e6dc0f1233d9a9c.jpg 236,113,382,259
41479eaa8ecff76da382507067ebee414df2dfde.jpg 107,116,227,236
e2bab74a148312c07f8f25b7a6c805587cbcc0a7.jpg 42,140,218,316
009ddd82140e3f8f1f2fba82ec9f5c7214601de8.jpg 22,119,247,344
4fb42addf9524d53e46b7d32082643493a2a8a7a.jpg 263,123,739,599
ce9ad16d106a15db9f861177c4c0ecbbfaafecc2.jpg 712,129,988,405
5970f0b3b1eb79d434a76ccd0f873f08429919ff.jpg 177,66,318,207
100cbf4b91871541ad708ef8d71344c33546030a.jpg 168,85,324,241
2958f0d2eeca4b337f8243c30366f0cda530a89f.jpg 623,246,828,451
8eb9791fc848fd972357e1d47166356fc1c274d4.jpg 358,440,943,1025
5c9b8973c2fe5607d910168b1a977893990e0274.jpg 126,39,264,177
3889d5d0e4e33e58e1339af5e706fb4400311646.jpg 36,68,178,210
7f269c0bdf802b5ebe6cd797935135f12a00b0dd.jpg 80,72,224,216
def192be74f4a91db74fb743ccadcf7f115b98c1.jpg 139,53,267,181
c7a69d48d2098a621db421ba68e78bf2854b5642.jpg 268,107,480,319
4755278bda1d9dda65fe7fd68f2cac8c86ca363e.jpg 94,32,206,144
bde8215abe5493887aa63e8b062d8759d714189c.jpg 195,69,341,215
