8691646e8e2757678cc5e26b9873804b43fba5a4.jpg 52,95,194,237
1efe0c3dcbc2e83ef889d41ebe7aa6e6d551ed1b.jpg 107,133,311,337
c21f02d2bcb4c81bdd7f35a4368259427a9a3522.jpg 136,96,328,288
38d1379bd66279df8b8b5b4d2e413c6ae3048c5f.jpg 76,79,213,216
91f7cff2a0ba8fff90609e6aef01472efd0ba503.jpg 71,64,203,196
0347b51095efb0ef95ad1822930246cadbd99e33.jpg 111,39,264,192
42f6f8c52335bebcaf0d3ac50757d18364cacd62.jpg 157,105,334,282
7e015ec9f5521a1e9e9628f9229a9569f02c9997.jpg 97,72,224,199
4f695ee6d108b9e88eba89d55b3a4ec3eb06f274.jpg 52,153,316,417
cae40354e200cefb64d483b40b7766a74f638bd0.jpg 74,163,306,395
c5162aeb9bba9ea484cb5a44d0d0df0bbdb01b34.jpg 118,155,431,468
ae9ea2adc1cb76b6901a9f0a9ca1bf8940159287.jpg 78,70,209,201
efaf3f4d9c5ae1bc844a56969029bb7c4f3515b0.jpg 493,130,775,412
3e5bf74824dc4fac23ee9f816e77d87fb7e1d3b1.jpg 120,30,358,268
2a77e426396812c73374bef445554e216f10d566.jpg 65,72,203,210
38f46ebd4a9310514e3ae5b605d2e32e0f1b5a9f.jpg 240,123,433,316
902e1db0dcf5c74f1f87ed0169726a01b0ea4a8d.jpg 50,105,220,275
7d67b216e90f1387ff779399f022d69712d9ae4b.jpg 52,79,213,240
036d0f3de0b4fadf2ef3ddfe7be83e4f498a84ba.jpg 130,20,235,125
1287f51fd29c2d73b0cc1766e24d0d236eb21146.jpg 113,149,410,446
3f735b14924b3f98a609c76c18c9835c42affca7.jpg 82,83,293,294
6a660b4e0cb3e1fc58d78f0400e8f5e7505e6357.jpg 143,56,257,170
2338dd9d64ab73a72e27fb2bcaca619d9a91c334.jpg 29,108,216,295
eb0692a09048ec3b460c78b16c64428ec8e73b33.jpg 74,81,207,214
46a2833ed5b5de3b0008c47d8b1ac715caeaa549.jpg 42,111,230,299
dc6642fa5c9770a6649dad964384754de02a2ccf.jpg 54,104,316,366
9d48c74d02a07625ee2575bbcfb446a23e2a72bb.jpg 100,81,273,254
5746136fe53e39691c0ae68b0fe492be3c49846a.jpg 198,47,315,164
e5a2e6f6028ec289f1ec51c098cd5e81f612009b.jpg 112,108,264,260
f8ba6208a89f4750df0c73ecc11dfea3ef05ff34.jpg 466,190,828,552
060969e42144145091e8752d287e35b78cd989c0.jpg 310,121,563,374
af8c2da2f31d5d7045d43167f0cb5aeb87b57692.jpg 54,65,197,208
78c4804b811606068fbef5ac646313a3a55c3d8b.jpg 232,35,335,138
c3bfb030018abea94aec690413363d9999160327.jpg 162,57,276,171
2c20a20a378f2e4069c74e0f2f99123a05f172be.jpg 233,54,353,174
9f7fc8fcc75fc48cb1545266eb1ad7a8d0788e5f.jpg 298,45,423,170
1ca37f7ca5d346cf6157496c52ecfcde6794c2ad.jpg 265,130,392,257
