3f8ff7c296abdda1f3cdbdc3989468aaf4151ad3.jpg 372,30,481,139
fdcdcf368a06ee562bb6d559ab3642ca7d10e02b.jpg 117,42,224,149
1330820933ad4c7d00fa91eed95f6908ffd3eeed.jpg 153,133,423,403
6dc2ae01f780ade3c7335280d9b10a678a6397ed.jpg 95,54,243,202
192acf42c762a73461ae88d758dc61e3288ce91a.jpg 380,87,606,313
4c5c59c3a48b7f2eede091455bf6ca920e8f8e95.jpg 23,34,137,148
acb7d1396f9de90202a4429290e9e7dec1827d6f.jpg 215,113,365,263
85c8406890ffb2633ea03bd7e2d33e464f7ced26.jpg 146,83,298,235
6956c6e369f6e9575dafdb37ba40f5cceaa60af2.jpg 98,43,216,161
6f9399376707ddd19b106e7c4aa8d0201f7dc4b9.jpg 669,157,1147,635
265f28c469df78a8e0623cf31ce4dad930c81785.jpg 164,59,479,374
b46a25c40e283d76001284d4d4a6fbccb6c20235.jpg 121,182,448,509
afd272b7e0026a374237937438cc2777913ef24f.jpg 34,54,173,193
fc37cbdaf356df5724b0350a2842ce2c1f171ef0.jpg 53,105,290,342
03b7ea43013ae5ca2bd17d6018844b70422562c8.jpg 98,53,227,182
2e692ca12b1088567f7e181b6a650215a9f2b4ea.jpg 63,62,213,212
15fcfc1e7e8b6bb303584d1fc207f132c3960fc5.jpg 70,106,306,342
530c75493bd50846f79bca9f94f1eb162d821609.jpg 54,55,185,186
2cac949b11471f1fd3a3a6b5d76f58f90ed70181.jpg 162,79,287,204
bac573a56ef232c8db11626ae6b963eefc69e8b6.jpg 70,232,452,614
5b1ab2fe1968026928d9fddfecba5e1a3c066f11.jpg 158,73,276,191
b83dcc39df5abdbbc83ab9527e92b91a865fa971.jpg 113,117,245,249
544c65dec338f5d51f5572e8c9c7b0f6ea465176.jpg 488,81,792,385
b5c2b95868e2bb13063a8e05e01084bd4693fcf1.jpg 86,6,277,197
0b7da1acc2ad6a5861c3a00b84819d6f535ea44b.jpg 56,25,167,136
47779bd6c7d4fdf31e185384484e41a589e1b29d.jpg 180,60,288,168
0c2b79bc4ba633f926ba608b30166376337cd122.jpg 253,101,431,279
