b596f78d71331024accc60228e27843c1a8297c3.jpg 98,110,333,345
c942c8e31b98de4a4c49af0b6deb814261a5aab2.jpg 246,102,486,342
00d7cca1ed54da6edb25734f6c117817bd555881.jpg 34,54,181,201
ffe02f41440c494bf4d4c9f1d4ae451ec8376337.jpg 145,128,309,292
3fb6eb2026466055018432624984cc574031b630.jpg 60,72,216,228
288176d82dcb398763ac99d09648936ddae5e899.jpg 87,24,196,133
53d361d1323ca06f8c01127a8306b345fd2c7b0a.jpg 187,18,329,160
89af440b21144624f5fc3ba9dbad2428a5910f13.jpg 87,24,196,133
478db48a1ba7036b34c1e8191b5d6b14af4bf80a.jpg 367,126,492,251
a298aaef2f67eaeaf7c8175e42da3e586ee5a5bf.jpg 40,43,176,179
d1c8702a162bb88f5589eea95ba36413ee643957.jpg 12,39,149,176
418afc6c63f124ec2e9768eb1916c382a1a331b0.jpg 133,19,415,301
55dc11243301f6108ed5919d0179f33961bfcefb.jpg 181,16,356,191
f9308db8f9a728eff1a0d5a639dab3d4a8fa41be.jpg 38,32,166,160
e90693981db245375a8013956c138f99670e5303.jpg 81,14,236,169
2bb9e3bb2f9496bd4373393bccafc9c28a1e3a7e.jpg 27,3,130,106
6c7e6184e048681bc01885e6f4b38add6d3d1bb9.jpg 157,421,284,548
0b238d3480442d3f9385a37d22d6445f400e9382.jpg 7,37,122,152
22a9dccf7710f2d0e1b359bbead0a1e5ec1f3c80.jpg 150,75,317,242
d6e2cc40bc4cace238bc09231a13c7005bd0ac32.jpg 190,75,420,305
60cea7b3eef2b6ff69464a8f0d934db7e1f62a54.jpg 133,182,471,520
cd75cdf83577786c186c9c961a04dc9be476330e.jpg 152,66,260,174
