a1c0ec6b72c8f1ac47458c7725c94b1b637e04bf.jpg 509,153,840,484
41ae8093cf7bed7277b97ee58fb089d12d490f94.jpg 226,141,452,367
3540edeacd0d46e10ac9b3ed5b56721011453019.jpg 668,93,832,257
3d5b663ee674c7d2de5eb6c438d48aa921e08224.jpg 144,6,382,244
2ff3ae3aeaba736eaf927acbb8072c6af24621b9.jpg 124,187,424,487
abcfe4a13ec4c9bc40d4f89b31a4cc6fdb349f67.jpg 208,359,1330,1481
c4f522cc63b13195c53a20fc36966e6fdf82c8d2.jpg 65,33,173,141
73523d2c14afeee880fad1544c6a3da120c79207.jpg 335,56,510,231
65a9b55a8002a86d9696362ea97fa333aa7d6e7b.jpg 106,93,264,251
afacaf7c7d7c94ba1f6248d16e6568a914a94e71.jpg 106,156,353,403
0e62744fe20fb0b4fa4855af541fc95b7a462547.jpg 417,114,811,508
94b18c9da733054bbea53541b5b3c0e11ad792f0.jpg 368,65,600,297
d9a54fd917b8bab43d697aeddb3d670dde192786.jpg 209,137,447,375
ac7aef79d84cc0937fb3be92a31076e57fe59a2a.jpg 122,61,294,233
37cb2c127bf5167f7531a5ce995e6c56097e3d6e.jpg 492,135,786,429
6819ebf856484d02cac3660c3f1f1e87d7e1d79d.jpg 203,87,417,301
de1ed24b7d4fdec6d0a615de1f7d889ff103dc85.jpg 500,178,666,344
7d2cbedb104f560b594b94adead2281066639e86.jpg 68,127,281,340
44677a11bbee0b42de1936f47a1d4717bf1a76d5.jpg 29,53,190,214
f375bf6e23ef80568f619ff7e8300c4fa9e6d1af.jpg 121,844,1459,2182
45e1b5fa8f034e35de78ad3700ec78cb0da94232.jpg 140,76,411,347
c1a64bd3f4cb890ba71ca526a9e106299f65acbc.jpg 350,71,546,267
c0be5a220bd1d91893b9ac7df448f37ac19e2c93.jpg 99,149,364,414
cfd4a1f1ae8afae5f84b0248439f3ae7aa83e7f8.jpg 64,172,420,528
faa0d47c2a8a9b4e0a0d0fdc27cdb134197a06aa.jpg 73,109,245,281
743e996852dab23e045000702abad27cb3c35b3d.jpg 162,95,375,308
2b3195590dd4a6de9ed49bded2f8ce7f6a10f9c3.jpg 68,123,306,361
62bee9017992c474e509e7d9c128fd6483ce244e.jpg 90,76,256,242
0fe6631ac55823734ed3f2893c056946907a4e91.jpg 173,62,313,202
dbaa5539a357d36d2ed7e54a5cfd5b24e6390f93.jpg 147,75,413,341
1b90f5aafcbd8630d876d8a9180aa2b99c00990c.jpg 144,13,483,352
c3936dd6cd107f078fdd55fb97e6a337161c91e0.jpg 18,180,349,511
84314bf19d5197582960ff812da859f556e304be.jpg 152,66,354,268
3786bc5637785271b3a7f33c9943aef00ab3875c.jpg 137,169,468,500
0524eab1f2592a91cdbec7e245852fdf4660be25.jpg 202,103,408,309
56d9dee75f40153e6ede4c0e165cb52366f61d27.jpg 686,102,881,297
2f79bf9ee0b317316411d465915175e4e7220c55.jpg 155,73,421,339
ad65588ea05746e136aaf2d23a87b41b07874cca.jpg 272,96,488,312
b482aea85eb1f258b21a112cebcb7903329d38d3.jpg 377,52,566,241
ab20c828319b87df8603b7d23363ad094ac2b25d.jpg 88,138,336,386
b91431c5ec2f0d49f44c70dc69acd83c9f6e5fb8.jpg 64,108,346,390
a8f8fd762b2fe170e38b9fd27f966640dad15eff.jpg 238,122,435,319
