5de8cdbda5176034925fd4642fc523ced2c4834d.jpg 192,166,678,652
e5f09bdd06ca15c52ab44c1d0898abf0ce331a76.jpg 180,24,292,136
01774608e09c4066af08f85a638d892f5023417d.jpg 227,128,453,354
146501c9c9cae3cc1e567b503604018ff542daa7.jpg 113,27,305,219
bdd71aa0d6befe555dfeadc9616cb4af2155692b.jpg 75,171,679,775
cdd39b87d2c7eb797be9e194c3b4a1d0ed5605e0.jpg 325,130,717,522
9294eb987bd6f3f35578d9468bc669081a5b1d1f.jpg 346,115,650,419
abfc209f12ae9d51a859634107c69fc9455be9cf.jpg 250,44,466,260
a75c498215dcfb995803dd55491bedf08e6b153e.jpg 102,20,210,128
375dbec590dcfb348d0a2cca1239a1567d0ce134.jpg 94,17,200,123
f761474361bd087108ad0037a0ad448967083b75.jpg 107,103,317,313
358ac777b737f68b718480f69df5eb533f4d762d.jpg 79,35,222,178
019e8df73235c084056f91e388eed3a6e1355a3c.jpg 246,135,417,306
9da839289794bafd22e83ed6c7d85bac8ab721ef.jpg 109,66,296,253
628da879de29c25bd2dc860a848e88b621f77c64.jpg 80,39,220,179
f8844feaf6186b1315fb0a801133a3ec6abe5afb.jpg 348,195,595,442
e2ad01809a5d8d8f52b4564ae61a6375f179ab6b.jpg 85,137,365,417
91380364a8d9b32db554db6267d0be50ac5125b7.jpg 164,61,327,224
f688664c088645798cb919f25c143eb69d60267b.jpg 217,64,403,250
b0a6bc0e41ea3f30ff76c754c1cfb664e3b2e645.jpg 93,62,219,188
9615bfa32547d102f986e03805c8a123fa7324b7.jpg 649,569,1574,1494
ebe4a17413965e318d35b939d3e70980c1b55b1f.jpg 69,83,248,262
2dea45f471da91d051ec1a8cc7b9dfa7f5a5e75d.jpg 636,246,956,566
da23cef87d2a8fe0868d5127b68740d405414316.jpg 63,89,250,276
70de313d8237efe3c86a44adc84d0994ed43398a.jpg 64,52,186,174
f50a9e49f9d3f3f64548e81c7abae1e289d1db2e.jpg 81,224,566,709
00ac13ff0fc494d454ce88e4008eaf37f83e6620.jpg 275,445,533,703
f006793dbe7d9074a9c476b60d40330bec22fb3d.jpg 57,34,160,137
bad1b4395bfcba8d97d0a6c70426b5a19ff81c1f.jpg 379,192,699,512
73fa41231efc0a66dccade02fd7b1dbbc9cf8b29.jpg 140,11,262,133
