5cb16386a0dfb44cbf5b627be059f24f0177f46f.jpg 61,43,172,154
2016e07aa5bbf9b2aec639f0955c7407444657ff.jpg 145,60,370,285
0b9da7cbd2ccbc1fa1fbf2719e9c052e1e3f4706.jpg 437,216,754,533
5ed35e0b2576eaeea80f8637698fe5a86b1359ae.jpg 246,69,361,184
cb98c1d29e92e8c8eec2514460391c826cdd6155.jpg 340,49,532,241
af805e8dcb40bb032642e08f4040192a820b22a8.jpg 218,109,366,257
cb397c399adb76ec6edadac9b2c399631d17dbdc.jpg 203,242,587,626
335108c937e22e14377f1d7ad359bbb76c90d2ad.jpg 349,212,782,645
b8af615946d402911b98d2e07952f6c2deae6897.jpg 189,75,339,225
f35f88ef9d958e1ff9fd17969af82099bf96088b.jpg 193,99,344,250
98cc5e1bde6e31e8f138d3f3e874bd9687a57c8b.jpg 236,36,471,271
0e22c8d5bd370549fc1a141a2b26d6d8a3257501.jpg 249,69,361,181
f2afab80a1b0ac6a10199cb1b16ffded8f8956b9.jpg 81,33,205,157
7da61cff39f0756add73894eb13a64be84909777.jpg 590,176,983,569
8e60902537b28a241f2df2eb1ab6885a4f1eabc0.jpg 202,242,586,626
41561e334f359a62ccca694c895ecea5234c39ee.jpg 150,43,256,149
534df297934ddb89e94a493b2d0fe2b07e6ddb0c.jpg 384,126,558,300
699ec6e0573b2c310d517ed39282ba3bec501f9b.jpg 172,41,298,167
52d591de0a808e639e2b6dd0bdcfb0f4b714b437.jpg 83,147,299,363
f059035864819cbb9da9e83dcad1299c49c47ecb.jpg 111,144,359,392
d714c20d4b3f5b7e89ba7ef972479e83d38d9c0e.jpg 293,157,509,373
95102acf813f928bb82a5c14307830d674f30c5e.jpg 143,51,254,162
6acd49e62d3e5b0f12c2f78f1ab7124f6b2f68ae.jpg 88,133,244,289
5cf9ac69354288127d6d0ffd3071b8f291ec380f.jpg 144,9,445,310
85b216af9cfe4c119570992b40ca4874262a38b2.jpg 88,87,191,190
ca039e6147690ac981961476a65192e1e53cf15a.jpg 384,251,825,692
