4dc9afd968a722d4e1f5baebf3eca1fb32c0abee.jpg 122,136,374,388
654630bf81f48a4e7866a058ab7e5ae5fc277712.jpg 146,141,375,370
c79d3a035d64c42d111ace616deb2edfc6e494c7.jpg 205,135,443,373
e9e4c55ed356cbcd249c2210efcdb97b59592a11.jpg 51,117,274,340
6d26b166e717172cc4c445e983da262396aafd39.jpg 245,142,572,469
d573cb484aa1b121fec0b5ecbc5ca388b2d29b1c.jpg 105,72,272,239
93254760814c1188102309b71a1943751f346981.jpg 122,160,392,430
375482907c83750b428cf73900b925aa0c9a51e6.jpg 70,172,293,395
39ab2096f91ea9b4b90beca3fb802e25927a7d9c.jpg 31,53,226,248
13bd7bd461574612e43ece982ae1e23b0cddf5f5.jpg 201,170,416,385
820c9de27bda39a8a614881bff128d404c447f9a.jpg 101,115,344,358
248d2096ea5a9fe787b83a37691d7b37d9207b9e.jpg 85,153,420,488
323c2f83cea309a3244435b318f3a6cc355be0de.jpg 276,263,745,732
1298af60dc819fbb40f040bdd8abff0e6ff18351.jpg 127,187,422,482
9b76d9e0b5522fc089752d17a75c58f5ee2b10e6.jpg 90,149,289,348
81e0db35d5dc717833b2769c5e55b44111a500fa.jpg 30,53,227,250
87cc0ddb4578b3818063687bb8ed5fa25bb5f7b6.jpg 211,131,366,286
d9cb3f0529e97fdbda101109384a3b307ee6cc84.jpg 29,41,163,175
8a656531bfaa834905099e355601c62f9d35b9e3.jpg 134,135,322,323
d5b76188e479e9748ba8736063df0188efcd23e9.jpg 332,124,799,591
1a9de9d57d2758817f50544ebeec6efd149e4a23.jpg 172,120,298,246
f9553f76f4238ff68b8051553188643b691e79d5.jpg 78,95,230,247
e5d7fd40f6afe8cf00b488d4c9f4c04b500a8ba8.jpg 123,73,287,237
a2f448677cdc2331c793235e0ae1ad73f2d10418.jpg 55,64,170,179
93ab2ac7d90d1d1b239f977cfaa35854fce7ef06.jpg 210,318,779,887
17c50ea7eba9f3561ea13ff1ca3d1f468bbd545b.jpg 117,96,239,218
d05f302fc05f65fb75eb58f9d479ebdc0b28aeee.jpg 155,105,340,290
2fe00e0a09d49469379c384d42c1443f367954d4.jpg 204,82,460,338
fdae818c6a122add14d318b270b0a85eb8748067.jpg 42,40,258,256
c66738dfd9f12e09fcdaf3e0b97fc77e8369ddf4.jpg 39,33,172,166
8df38b014123b638aba8cc2bfdc88f8d06ff2133.jpg 80,86,202,208
d456adba630e384ca00226fc25a721bc019c405a.jpg 126,173,294,341
f973c9cb9fe9f2b75038f3409dc7d90f8b4ea8fa.jpg 105,72,272,239
a76ef5c8a263589c16a9fb156b67fa980c9296ad.jpg 189,169,358,338
d2d071d1fc367b5dd74bf6b693df9bbcdb88dfb3.jpg 475,147,684,356
0c7e37f206aa44f65f9b60384b59428632df6321.jpg 203,80,374,251
be3bbe0983de26364f6bdca315c9d0eb0cf00669.jpg 50,29,179,158
6170e422920067fc989145db5b88c07250404704.jpg 77,164,283,370
60eeff29e440efae6f077f36f800d8e6b90c7b0b.jpg 64,59,183,178
96340bd1732632dc7c8ffac18385a571001d2f44.jpg 55,95,212,252
17631e0621de16a6f390fd06d11a926b695338fa.jpg 122,57,229,164
5f97cc56c2c5e1c8e36bc51101295a72e71657b4.jpg 85,93,248,256
